5.012531328320801727e-01
5.012531328320801727e-01
5.012531328320801727e-01
4.987468671679197718e-01
4.987468671679197718e-01
5.012531328320801727e-01
5.087719298245614308e-01
5.162907268170425779e-01
5.263157894736841813e-01
5.438596491228070429e-01
5.463659147869673882e-01
6.115288220551378107e-01
6.566416040100250262e-01
6.441102756892230774e-01
6.917293233082706383e-01
6.791979949874686895e-01
7.293233082706767068e-01
7.117794486215538452e-01
7.343358395989975085e-01
7.318295739348370521e-01
7.092731829573934998e-01
7.318295739348370521e-01
7.418546365914786556e-01
7.368421052631578538e-01
7.468671679197994573e-01
7.518796992481202590e-01
7.343358395989975085e-01
7.418546365914786556e-01
7.142857142857143016e-01
7.518796992481202590e-01
7.443609022556391119e-01
7.167919799498746469e-01
7.593984962406015171e-01
7.293233082706767068e-01
7.468671679197994573e-01
7.318295739348370521e-01
7.343358395989975085e-01
7.468671679197994573e-01
7.368421052631578538e-01
7.393483709273183102e-01
7.568922305764410607e-01
7.518796992481202590e-01
7.593984962406015171e-01
7.343358395989975085e-01
7.568922305764410607e-01
7.293233082706767068e-01
7.418546365914786556e-01
7.568922305764410607e-01
7.543859649122807154e-01
7.393483709273183102e-01
7.418546365914786556e-01
7.543859649122807154e-01
7.418546365914786556e-01
7.518796992481202590e-01
7.669172932330826642e-01
7.493734335839599137e-01
7.619047619047618625e-01
7.543859649122807154e-01
7.443609022556391119e-01
7.393483709273183102e-01
7.644110275689223188e-01
7.568922305764410607e-01
7.493734335839599137e-01
7.568922305764410607e-01
7.619047619047618625e-01
7.543859649122807154e-01
7.719298245614034659e-01
7.593984962406015171e-01
7.644110275689223188e-01
7.443609022556391119e-01
7.744360902255639223e-01
7.644110275689223188e-01
7.719298245614034659e-01
7.619047619047618625e-01
7.619047619047618625e-01
7.619047619047618625e-01
7.744360902255639223e-01
7.644110275689223188e-01
7.619047619047618625e-01
7.644110275689223188e-01
7.669172932330826642e-01
7.568922305764410607e-01
7.694235588972431206e-01
7.744360902255639223e-01
7.543859649122807154e-01
7.694235588972431206e-01
7.644110275689223188e-01
7.543859649122807154e-01
7.769423558897242676e-01
7.719298245614034659e-01
7.719298245614034659e-01
7.769423558897242676e-01
7.744360902255639223e-01
7.744360902255639223e-01
7.669172932330826642e-01
7.619047619047618625e-01
7.694235588972431206e-01
7.769423558897242676e-01
7.694235588972431206e-01
7.694235588972431206e-01
