3.500190919503233244e-01
3.489797366292853309e-01
3.480708327209740549e-01
3.475089878366704466e-01
3.469088134311494320e-01
3.463435727253295071e-01
3.459347788253822609e-01
3.454676260027969015e-01
3.451432995031352147e-01
3.448082108545422741e-01
3.443679131362073487e-01
3.441478880425742348e-01
3.437509187182089532e-01
3.435380261643488642e-01
3.431271165235896814e-01
3.428130669701368038e-01
3.425329013874656159e-01
3.422860580876955217e-01
3.419959219476035317e-01
3.416780287161805818e-01
3.413193270676118107e-01
3.410597016339314003e-01
3.408145888108657373e-01
3.405242158954304710e-01
3.402349393170578939e-01
3.399602585567866320e-01
3.397097103577807475e-01
3.393582637447462580e-01
3.390810985612988659e-01
3.388822668775878788e-01
3.385102476990013987e-01
3.382722085579893401e-01
3.380225768364162886e-01
3.377073272726589526e-01
3.374721028452230542e-01
3.372307869425991145e-01
3.369327478839042600e-01
3.366909584305937675e-01
3.363430311805323814e-01
3.360514642301956068e-01
3.358170496192492416e-01
3.353854952599470418e-01
3.352803643185990889e-01
3.350358754769901526e-01
3.348417465848134156e-01
3.344831208238625564e-01
3.341824306282483170e-01
3.340331153164531330e-01
3.337064809667735221e-01
3.335796630472168678e-01
3.331383011096103464e-01
3.330075710937194233e-01
3.326657312854489623e-01
3.324764208088542561e-01
3.321600710240222853e-01
3.318546539858767686e-01
3.316769117400759637e-01
3.314651310593263456e-01
3.311881638111028314e-01
3.311192836976589171e-01
3.306274627683156719e-01
3.305370199650451424e-01
3.301988756447507556e-01
3.298504161356684561e-01
3.298861105041694941e-01
3.295002972571772215e-01
3.292592094655622526e-01
3.289861136809327791e-01
3.287402676759208497e-01
3.285367151250815354e-01
3.282649979406132013e-01
3.282009468490916237e-01
3.277823089208817819e-01
3.275287727963058226e-01
3.272651804419687283e-01
3.270379337750580762e-01
3.268420691776992570e-01
3.266212878221258498e-01
3.264162600936746372e-01
3.261520387534808663e-01
3.257792302988525845e-01
3.255849523950639091e-01
3.253988318126602164e-01
3.252055470208476406e-01
3.249210231286242534e-01
3.247891216349780841e-01
3.244700785866357351e-01
3.245836893717448102e-01
3.239348721235318362e-01
3.241251735460190520e-01
3.235520661474768356e-01
3.233458264579151531e-01
3.230629436354290340e-01
3.228991926463325446e-01
3.226915237897619582e-01
3.225057865294597703e-01
3.223584301788406381e-01
3.220468288973757920e-01
3.218330714039336349e-01
3.216252834127660276e-01
