6.151143305043516030e-01
6.856586842532028658e-01
6.981999026974431422e-01
7.065787339856208771e-01
7.090112979079949973e-01
7.150656792259041383e-01
7.162008757230120537e-01
7.214984593761825105e-01
7.229039407535542416e-01
7.225795988972376627e-01
7.273906697659332510e-01
7.257149035082977040e-01
7.296610627601491927e-01
7.283096383588302247e-01
7.309043732093626344e-01
7.300394615925185349e-01
7.305800313530460555e-01
7.306881453051515818e-01
7.312827720417319766e-01
7.325801394669981814e-01
7.323639115627871288e-01
7.326882534191037077e-01
7.336612789880534446e-01
7.343640196767392547e-01
7.345261906048975442e-01
7.346343045570030705e-01
7.338234499162117341e-01
7.349586464133196495e-01
7.357154440780582227e-01
7.349586464133196495e-01
7.359857289583220386e-01
7.358235580301637491e-01
7.370128115033245386e-01
7.367425266230607228e-01
7.359316719822692754e-01
7.363641277906913807e-01
7.358235580301637491e-01
7.369587545272717755e-01
7.367425266230607228e-01
7.361478998864803280e-01
7.373912103356937697e-01
7.364722417427969070e-01
7.368506405751662491e-01
7.373371533596410066e-01
7.373912103356937697e-01
7.373371533596410066e-01
7.376614952159575855e-01
7.384723498567490330e-01
7.372830963835883544e-01
7.377696091680631119e-01
7.375533812638520592e-01
7.394994324017514220e-01
7.379858370722741645e-01
7.389588626412239014e-01
7.393372614735931325e-01
7.387966917130656119e-01
7.393913184496458957e-01
7.396616033299097115e-01
7.394453754256986588e-01
7.397697172820152378e-01
7.402021730904373431e-01
7.398237742580680010e-01
7.399859451862262905e-01
7.402562300664901063e-01
7.397156603059624747e-01
7.403102870425428694e-01
7.405265149467539221e-01
7.398778312341207641e-01
7.405265149467539221e-01
7.414995405157035480e-01
7.405265149467539221e-01
7.418238823720201269e-01
7.402021730904373431e-01
7.407967998270176269e-01
7.422563381804422322e-01
7.407967998270176269e-01
7.421482242283367059e-01
7.417157684199146006e-01
7.422563381804422322e-01
7.416076544678090743e-01
7.420941672522839427e-01
7.422022812043894691e-01
7.424725660846531738e-01
7.426887939888642265e-01
7.429050218930752791e-01
7.437699335099194897e-01
7.425806800367587002e-01
7.427428509649169897e-01
7.433374777014973844e-01
7.431212497972863318e-01
7.440942753662359577e-01
7.442564462943942472e-01
7.436618195578139634e-01
7.427969079409697528e-01
7.436077625817612002e-01
7.447429590788691156e-01
7.431212497972863318e-01
7.436618195578139634e-01
7.449051300070274051e-01
7.440402183901833055e-01
7.452835288393967472e-01
7.433915346775501476e-01
7.434996486296556739e-01
7.446348451267635893e-01
7.434455916536029108e-01
7.431212497972863318e-01
7.434996486296556739e-01
7.441483323422887208e-01
7.440402183901833055e-01
7.451754148872912209e-01
7.438239904859722529e-01
7.442023893183414840e-01
7.440942753662359577e-01
7.446348451267635893e-01
7.434996486296556739e-01
7.440942753662359577e-01
7.447429590788691156e-01
7.435537056057084371e-01
7.443645602464997735e-01
7.436077625817612002e-01
7.442564462943942472e-01
7.440942753662359577e-01
7.433374777014973844e-01
7.434996486296556739e-01
7.449051300070274051e-01
7.438239904859722529e-01
7.440402183901833055e-01
7.451213579112384577e-01
7.452294718633439841e-01
7.445807881507108261e-01
7.451213579112384577e-01
7.449591869830801683e-01
7.449591869830801683e-01
7.438780474620250160e-01
7.447970160549218788e-01
7.446348451267635893e-01
7.445267311746580630e-01
7.447970160549218788e-01
7.442564462943942472e-01
7.438780474620250160e-01
7.439861614141305424e-01
7.450132439591329314e-01
7.441483323422887208e-01
7.449591869830801683e-01
7.443105032704470103e-01
7.443645602464997735e-01
7.450132439591329314e-01
7.438780474620250160e-01
7.453375858154495104e-01
7.440402183901833055e-01
7.459862695280825573e-01
7.446348451267635893e-01
7.448510730309746419e-01
7.439861614141305424e-01
7.435537056057084371e-01
7.439861614141305424e-01
7.449051300070274051e-01
7.443105032704470103e-01
7.445807881507108261e-01
7.442023893183414840e-01
7.452294718633439841e-01
7.444186172225525366e-01
7.446348451267635893e-01
7.434996486296556739e-01
7.448510730309746419e-01
7.444186172225525366e-01
7.434996486296556739e-01
7.435537056057084371e-01
7.447970160549218788e-01
7.439861614141305424e-01
7.446348451267635893e-01
7.450673009351856946e-01
7.452294718633439841e-01
7.454456997675550367e-01
7.451754148872912209e-01
7.452294718633439841e-01
7.444186172225525366e-01
7.446889021028163524e-01
7.442023893183414840e-01
7.455538137196605630e-01
7.440942753662359577e-01
7.442564462943942472e-01
7.450132439591329314e-01
7.445267311746580630e-01
7.450132439591329314e-01
7.447429590788691156e-01
7.440402183901833055e-01
7.453916427915022735e-01
7.450132439591329314e-01
7.450132439591329314e-01
7.451213579112384577e-01
7.451213579112384577e-01
7.449591869830801683e-01
7.454456997675550367e-01
7.448510730309746419e-01
7.450132439591329314e-01
7.446889021028163524e-01
7.449591869830801683e-01
7.443645602464997735e-01
7.456619276717660894e-01
7.450132439591329314e-01
7.457700416238716157e-01
7.446348451267635893e-01
7.451754148872912209e-01
7.450673009351856946e-01
7.454997567436077999e-01
7.451213579112384577e-01
7.460403265041353205e-01
7.448510730309746419e-01
7.463106113843991363e-01
7.461484404562408468e-01
7.450132439591329314e-01
7.453916427915022735e-01
7.456078706957133262e-01
7.462565544083463731e-01
7.448510730309746419e-01
7.458781555759770310e-01
7.453916427915022735e-01
7.445267311746580630e-01
7.452835288393967472e-01
7.458781555759770310e-01
7.454997567436077999e-01
7.451213579112384577e-01
7.453916427915022735e-01
7.460943834801880836e-01
7.461484404562408468e-01
7.460403265041353205e-01
7.454456997675550367e-01
7.459862695280825573e-01
7.457700416238716157e-01
7.448510730309746419e-01
7.458781555759770310e-01
7.457159846478188525e-01
7.448510730309746419e-01
7.460943834801880836e-01
7.458240985999242678e-01
7.465808962646629521e-01
7.455538137196605630e-01
7.458781555759770310e-01
7.454456997675550367e-01
7.455538137196605630e-01
7.460943834801880836e-01
7.459322125520297941e-01
7.458240985999242678e-01
7.459862695280825573e-01
7.458240985999242678e-01
7.451754148872912209e-01
7.454997567436077999e-01
7.457700416238716157e-01
7.461484404562408468e-01
7.460943834801880836e-01
7.455538137196605630e-01
7.464727823125574258e-01
7.451754148872912209e-01
7.450673009351856946e-01
7.456619276717660894e-01
7.460943834801880836e-01
7.453916427915022735e-01
7.457700416238716157e-01
7.464187253365046626e-01
7.456078706957133262e-01
7.454997567436077999e-01
7.459862695280825573e-01
7.458240985999242678e-01
7.463646683604518994e-01
7.452835288393967472e-01
7.460403265041353205e-01
7.450132439591329314e-01
7.453375858154495104e-01
7.461484404562408468e-01
7.464727823125574258e-01
7.464187253365046626e-01
7.462024974322936099e-01
7.464187253365046626e-01
7.467971241688740047e-01
7.462024974322936099e-01
7.451213579112384577e-01
7.456619276717660894e-01
7.467430671928212416e-01
7.467971241688740047e-01
7.465268392886101889e-01
7.462024974322936099e-01
7.465808962646629521e-01
7.457159846478188525e-01
7.458240985999242678e-01
7.467971241688740047e-01
7.465268392886101889e-01
7.473917509054543995e-01
7.449591869830801683e-01
7.465808962646629521e-01
7.465268392886101889e-01
7.472295799772961100e-01
7.455538137196605630e-01
7.469052381209795310e-01
7.464187253365046626e-01
7.464727823125574258e-01
7.463646683604518994e-01
7.462024974322936099e-01
7.471755230012433469e-01
7.460943834801880836e-01
7.467971241688740047e-01
7.464727823125574258e-01
7.463106113843991363e-01
7.465268392886101889e-01
7.460943834801880836e-01
7.458781555759770310e-01
7.459862695280825573e-01
7.465268392886101889e-01
7.463646683604518994e-01
7.470674090491378205e-01
7.464727823125574258e-01
7.474458078815071627e-01
7.456619276717660894e-01
7.468511811449267679e-01
7.459322125520297941e-01
7.466890102167684784e-01
7.469052381209795310e-01
7.470674090491378205e-01
7.469052381209795310e-01
7.462024974322936099e-01
7.468511811449267679e-01
7.463106113843991363e-01
7.470133520730850574e-01
7.463646683604518994e-01
7.463646683604518994e-01
7.465808962646629521e-01
7.473376939294016363e-01
7.470674090491378205e-01
7.465268392886101889e-01
7.462024974322936099e-01
7.469052381209795310e-01
7.465808962646629521e-01
7.459322125520297941e-01
7.467430671928212416e-01
7.460403265041353205e-01
7.469592950970322942e-01
7.471214660251905837e-01
7.462024974322936099e-01
7.470674090491378205e-01
7.469592950970322942e-01
7.475539218336125780e-01
7.471214660251905837e-01
7.465268392886101889e-01
7.467430671928212416e-01
7.467971241688740047e-01
7.465808962646629521e-01
7.464727823125574258e-01
7.469052381209795310e-01
7.466349532407157152e-01
7.469592950970322942e-01
7.460403265041353205e-01
7.471214660251905837e-01
7.461484404562408468e-01
7.472836369533488732e-01
7.463106113843991363e-01
7.469592950970322942e-01
7.464727823125574258e-01
7.459322125520297941e-01
7.473376939294016363e-01
7.468511811449267679e-01
7.462024974322936099e-01
7.465808962646629521e-01
7.470133520730850574e-01
7.460943834801880836e-01
7.470133520730850574e-01
7.468511811449267679e-01
7.468511811449267679e-01
7.477701497378236306e-01
7.466349532407157152e-01
7.462024974322936099e-01
7.472295799772961100e-01
7.472295799772961100e-01
7.464727823125574258e-01
7.472836369533488732e-01
7.470133520730850574e-01
7.457700416238716157e-01
7.473376939294016363e-01
7.476079788096653411e-01
7.466349532407157152e-01
7.466890102167684784e-01
7.462024974322936099e-01
7.460403265041353205e-01
7.474458078815071627e-01
7.469592950970322942e-01
7.467430671928212416e-01
7.471755230012433469e-01
7.471214660251905837e-01
7.467430671928212416e-01
7.472295799772961100e-01
7.469592950970322942e-01
7.463646683604518994e-01
7.470674090491378205e-01
7.465268392886101889e-01
7.469052381209795310e-01
7.468511811449267679e-01
7.471755230012433469e-01
7.470674090491378205e-01
7.470674090491378205e-01
7.462565544083463731e-01
7.472836369533488732e-01
