3.416199975142228396e-01
3.335041319852236619e-01
3.274027441194156673e-01
3.225472693168071059e-01
3.185563269057939406e-01
3.152008515443986969e-01
3.123096846021106709e-01
3.098234397326619649e-01
3.075768816568728026e-01
3.055729830271167180e-01
3.038403205909859794e-01
3.022485424226422634e-01
3.007855234933779487e-01
2.994993569590064797e-01
2.982424655396059832e-01
2.971782268633796908e-01
2.961883340168852685e-01
2.952016215142936328e-01
2.943210128536288273e-01
2.934872293895666728e-01
2.927406997389133125e-01
2.920605372447208081e-01
2.913731091041437127e-01
2.907315395799441871e-01
2.901319864102457347e-01
2.896648357398342588e-01
2.890235183013311060e-01
2.885409847938587014e-01
2.880768765129974041e-01
2.876487185324622109e-01
2.872153765652990520e-01
2.867979522933637448e-01
2.863769817198603129e-01
2.860732062111752128e-01
2.857178852926287038e-01
2.853819093710216470e-01
2.850167458871228354e-01
2.847577484419323013e-01
2.844616986081769938e-01
2.841769350680849460e-01
2.839051052131320030e-01
2.836726044861327956e-01
2.834183964887382889e-01
2.831793638100604249e-01
2.829473657376753715e-01
2.827082641176664746e-01
2.824721507970961443e-01
2.823263403152902473e-01
2.820806416896711744e-01
2.819486898234409011e-01
2.817432910785513389e-01
2.815631965135096393e-01
2.814024373984825300e-01
2.812287798990616428e-01
2.810483763091170539e-01
2.809353141017756350e-01
2.807552270924338345e-01
2.806286908651121070e-01
2.804936017015249861e-01
2.803528165970630148e-01
2.802238650058139213e-01
2.800960067630013928e-01
2.799671335093774638e-01
2.798703609020221639e-01
2.797281229065536889e-01
2.796257694498372470e-01
2.795107625857824463e-01
2.794212037659676295e-01
2.792972951742422327e-01
2.791803858147626771e-01
2.791237641562706040e-01
2.790001693033026253e-01
2.789091043940711279e-01
2.788148053335598453e-01
2.787213371656309668e-01
2.786371748489884781e-01
2.785612054008478333e-01
2.784616823753567338e-01
2.784036126710111025e-01
2.783487167875343671e-01
2.782590353108398418e-01
2.781395928554518671e-01
2.781198157353094169e-01
2.780504837246339234e-01
2.779295601780797931e-01
2.778972426067011225e-01
2.778180700935887759e-01
2.777642335828700570e-01
2.777108966086295760e-01
2.776375306637597906e-01
2.775750216095632661e-01
2.775362384485885459e-01
2.774685863245370809e-01
2.773693717262591396e-01
2.773816940014256494e-01
2.772696059622296039e-01
2.772827856103706190e-01
2.771873364845374721e-01
2.771704425671093208e-01
2.771102848265762364e-01
2.770111158911463534e-01
2.770118445578481636e-01
2.769642265895049804e-01
2.769231032736205189e-01
2.768846704635216094e-01
2.768315960812667842e-01
2.768063902793700404e-01
2.767784093792641231e-01
2.766926537660903129e-01
2.766707398456923483e-01
2.766302794707814483e-01
2.766774632868376771e-01
2.765666510847569759e-01
2.764978821686560617e-01
2.764865767706715660e-01
2.764639356632968559e-01
2.763187688232093264e-01
2.764114196625675479e-01
2.763111486356769619e-01
2.763379001041973981e-01
2.762341457135909506e-01
2.762346341477013301e-01
2.762304262439201352e-01
2.761798324881518107e-01
2.761500639779237987e-01
2.761394542464372659e-01
2.761008079805672422e-01
2.760662603822294225e-01
2.760284667376202705e-01
2.759945471282971852e-01
2.759657356852009413e-01
2.759822241209205496e-01
2.758852852970286040e-01
2.759121004476940975e-01
2.758997028515438044e-01
2.758703586188346879e-01
2.758138326156641118e-01
2.758284248163960783e-01
2.757768096669415137e-01
2.757960956778692241e-01
2.757804854134365269e-01
2.757265061620145508e-01
2.757165095457689841e-01
2.756960091397429591e-01
2.756702505820144977e-01
2.756429345673874209e-01
2.756368728637811349e-01
2.755933906624230545e-01
2.755646848670211813e-01
2.755926788252774928e-01
2.755315222212208481e-01
2.755555503939904338e-01
2.754847834519975613e-01
2.754890771234439484e-01
2.754571163268970668e-01
2.754941146132675045e-01
2.754450455163773848e-01
2.754202412032676350e-01
2.754114982532329670e-01
2.753857646542849924e-01
2.753783704377592012e-01
2.753735859664145358e-01
2.753383644665052254e-01
2.753250341635084530e-01
2.753147937583371729e-01
2.753149367745253984e-01
2.752759654250710453e-01
2.752447926163306136e-01
2.752648969659406419e-01
2.752689097723681755e-01
2.752250055698673425e-01
2.752043830603482233e-01
2.752123403956138747e-01
2.751830213818655113e-01
2.751719077037240169e-01
2.751573967259602349e-01
2.751922591472742985e-01
2.751692778650531856e-01
2.751020781534337378e-01
2.751150570922210048e-01
2.750735172107868221e-01
2.750783858033307716e-01
2.750479189925815193e-01
2.750456464837400250e-01
2.750562196506333157e-01
2.750232509817198689e-01
2.750113879674460082e-01
2.750287317688049349e-01
2.750192349774108203e-01
2.749843211040360891e-01
2.749817825991164311e-01
2.749878977516469480e-01
2.749482978372368991e-01
2.749705925326881295e-01
2.749495983077059891e-01
2.749428395480940646e-01
2.749349177729484839e-01
2.749261934970919086e-01
2.748964218324800313e-01
2.748692238446512337e-01
2.749642361245662192e-01
2.748715568973641998e-01
2.748675662562024558e-01
2.748821382812824954e-01
2.748632448123232153e-01
2.748510375875892753e-01
2.748532825882057384e-01
2.748261903141233087e-01
2.748232053011724907e-01
2.748086252266139229e-01
2.748287282874051773e-01
2.748104056096848935e-01
2.747818374641521899e-01
2.747540941255608993e-01
2.747823684228369312e-01
2.747811127863443725e-01
2.747891711174742513e-01
2.747419981871033201e-01
2.747350505647984664e-01
2.747574975905698325e-01
2.747512689841309919e-01
2.747145854780445595e-01
2.747148424580300730e-01
2.746867351900519894e-01
2.747134703944854595e-01
2.747192885306817267e-01
2.747073206983906002e-01
2.747605429097661478e-01
2.747082555406486493e-01
2.746883223840266286e-01
2.746750410376152529e-01
2.746781013119419801e-01
2.746196049779832116e-01
2.746597709198360104e-01
2.746643960754628910e-01
2.746696319217404314e-01
2.746304049656980162e-01
2.746577617134414728e-01
2.746210119161575647e-01
2.746328996523914046e-01
2.746018888916645362e-01
2.746142300689689009e-01
2.745822332716869596e-01
2.746125504086936453e-01
2.745996716280383887e-01
2.745958905157781516e-01
2.745894112687309874e-01
2.745679194163332948e-01
2.745666349191615008e-01
2.745513374727863720e-01
2.746016385394293713e-01
2.744827707393200922e-01
2.745759279829494970e-01
2.745630947652588083e-01
2.745653025794270174e-01
2.745434431462579483e-01
2.745427144715010259e-01
2.745467014822214336e-01
2.745341659284964431e-01
2.745331925634461601e-01
2.745020376024288056e-01
2.745209717215367218e-01
2.745297159797224218e-01
2.745153785583180350e-01
2.745249675936914935e-01
2.745026048276674180e-01
2.745224381241967992e-01
2.744658467481120856e-01
2.743884305179657424e-01
2.745292357578039688e-01
2.744800446436104768e-01
2.744974135084663480e-01
2.744740705120156665e-01
2.744800139399204975e-01
2.744403781552682831e-01
2.744880452123008574e-01
2.744371386795561030e-01
2.744699687432634594e-01
2.744646545819149908e-01
2.744490518602940021e-01
2.744218935342510046e-01
2.744737794459964908e-01
2.744353193419386550e-01
2.744356103684877923e-01
2.744375656418455156e-01
2.744354432731378468e-01
2.744281394173051503e-01
2.744283025471208615e-01
2.744163361558901726e-01
2.744318750278196828e-01
2.744332656422990846e-01
2.744071163936681601e-01
2.743955893333592799e-01
2.744045924934814251e-01
2.744194355724476342e-01
2.744385931276168145e-01
2.744149446593754371e-01
2.743875974803056117e-01
2.743944094141623213e-01
2.744115861266153700e-01
2.744243136402259031e-01
2.744069609476286753e-01
2.743817150731351906e-01
2.743770476241157996e-01
2.743834315042146810e-01
2.743771721626708238e-01
2.743764522913514359e-01
2.743356693710234939e-01
2.744063971353431497e-01
2.743626052227862711e-01
2.743683293388498035e-01
2.744237185910016197e-01
2.743539632927811667e-01
2.743612702466119435e-01
2.743414038177747760e-01
2.743687836724272855e-01
2.743584459171378165e-01
2.743636949472256226e-01
2.743692075624949989e-01
2.743596074505299520e-01
2.743517687840554276e-01
2.743341025919378007e-01
2.743337446475030417e-01
2.743479471561670047e-01
2.743524709534494455e-01
2.743378454069491101e-01
2.743361650466841772e-01
2.743493264008485810e-01
2.743240293554179976e-01
2.743339250426568565e-01
2.743340984371083757e-01
2.743053839574846609e-01
2.743374735150790333e-01
2.743074111010140315e-01
2.743339491137634090e-01
2.743307611513308153e-01
2.742979033127740385e-01
2.743083653504658215e-01
2.742969504560520133e-01
2.743149890861766860e-01
2.743422930857911113e-01
2.743304430032022512e-01
2.743142076310702282e-01
2.743306911886108646e-01
2.743140440235860011e-01
2.742951399258996559e-01
2.743278148536895111e-01
2.742822290278813524e-01
2.743206944620102394e-01
2.743108966742485166e-01
2.743158429148996325e-01
2.742776199051596420e-01
2.743065051419895095e-01
2.742390294709175502e-01
2.742887548713646706e-01
2.742773666869138260e-01
2.742915121137957102e-01
2.743151145341544694e-01
2.742882157592904102e-01
2.742809260683811146e-01
2.742776245207417807e-01
2.742646348992581751e-01
2.742713954140801325e-01
2.742882011924165364e-01
2.742917866982397812e-01
2.742850391626280859e-01
2.742916478747399744e-01
2.742701280485315141e-01
2.742883438743174418e-01
2.742885027099502548e-01
2.742729046111609947e-01
2.742776982693667098e-01
2.742664807672094418e-01
2.742691639468659570e-01
2.742674532494188688e-01
2.742015117591790618e-01
2.742966304367197572e-01
2.742449067284515873e-01
2.742607971579134607e-01
2.742766625834862082e-01
2.742082602154906623e-01
2.742789825659660563e-01
2.742650706206819500e-01
2.742253086300655007e-01
2.742525140439067699e-01
2.742571175103252212e-01
2.742195764532462388e-01
2.742571555957245555e-01
2.741997688871775640e-01
2.742588442471215471e-01
2.742378635233212458e-01
2.742528538240523450e-01
2.742474861332284686e-01
2.742430396183509478e-01
2.742600252448987308e-01
2.742452471409239090e-01
2.742503376293906614e-01
2.742505038418997509e-01
2.742356402989084563e-01
2.742543146300170376e-01
