4.975124378109452850e-01
4.975124378109452850e-01
5.000000000000000000e-01
5.099502487562188602e-01
5.099502487562188602e-01
5.174129353233830608e-01
5.373134328358208922e-01
5.472636815920397524e-01
5.721393034825870139e-01
5.597014925373133831e-01
5.547263681592039530e-01
5.621890547263681537e-01
6.069651741293532465e-01
6.169154228855721067e-01
6.069651741293532465e-01
6.417910447761193682e-01
6.417910447761193682e-01
6.567164179104477695e-01
6.741293532338308303e-01
6.318407960199005080e-01
6.915422885572138911e-01
6.840796019900498015e-01
6.766169154228856009e-01
6.965174129353234322e-01
6.592039800995025400e-01
7.014925373134328623e-01
7.064676616915422924e-01
6.965174129353234322e-01
7.014925373134328623e-01
7.064676616915422924e-01
6.965174129353234322e-01
6.965174129353234322e-01
6.990049751243780918e-01
7.014925373134328623e-01
7.039800995024875219e-01
6.965174129353234322e-01
7.039800995024875219e-01
7.039800995024875219e-01
6.990049751243780918e-01
6.940298507462686617e-01
7.189054726368159232e-01
7.039800995024875219e-01
7.089552238805970630e-01
7.139303482587064931e-01
7.039800995024875219e-01
7.064676616915422924e-01
7.064676616915422924e-01
7.039800995024875219e-01
7.139303482587064931e-01
7.089552238805970630e-01
7.164179104477611526e-01
7.089552238805970630e-01
7.139303482587064931e-01
7.164179104477611526e-01
7.164179104477611526e-01
7.139303482587064931e-01
7.164179104477611526e-01
7.039800995024875219e-01
7.189054726368159232e-01
7.089552238805970630e-01
7.089552238805970630e-01
7.189054726368159232e-01
7.139303482587064931e-01
7.139303482587064931e-01
7.189054726368159232e-01
7.288557213930347833e-01
7.114427860696517225e-01
7.089552238805970630e-01
7.139303482587064931e-01
7.213930348258706937e-01
7.039800995024875219e-01
7.114427860696517225e-01
7.164179104477611526e-01
7.064676616915422924e-01
7.114427860696517225e-01
7.263681592039801238e-01
7.139303482587064931e-01
7.238805970149253532e-01
7.139303482587064931e-01
7.164179104477611526e-01
7.014925373134328623e-01
7.164179104477611526e-01
7.263681592039801238e-01
7.189054726368159232e-01
7.213930348258706937e-01
7.313432835820895539e-01
7.089552238805970630e-01
7.164179104477611526e-01
7.139303482587064931e-01
7.189054726368159232e-01
7.164179104477611526e-01
7.164179104477611526e-01
7.213930348258706937e-01
7.064676616915422924e-01
7.288557213930347833e-01
7.263681592039801238e-01
7.238805970149253532e-01
7.238805970149253532e-01
7.263681592039801238e-01
7.189054726368159232e-01
