3.464597316820229866e-01
3.462413353706473851e-01
3.459046402973915413e-01
3.457055168958445557e-01
3.455483897111902292e-01
3.452434502727356747e-01
3.449948421165124901e-01
3.447957040362097381e-01
3.445649634842848918e-01
3.443646687476789037e-01
3.441425200125471373e-01
3.439222119044308412e-01
3.437052871753920602e-01
3.434843207473185500e-01
3.432458124647093101e-01
3.430890064334394807e-01
3.428524105406519085e-01
3.426272144068532866e-01
3.424191163547003480e-01
3.422917728103808677e-01
3.420062297908820770e-01
3.417868861808112668e-01
3.416494082159070578e-01
3.413680225462462636e-01
3.411790288206356658e-01
3.409610384732336685e-01
3.407525199266215332e-01
3.405697032883392428e-01
3.403369882213535536e-01
3.401776878394890957e-01
3.399319607227002660e-01
3.397845846800068847e-01
3.395689785183958476e-01
3.393831921750633529e-01
3.391606591234159751e-01
3.389622749973885685e-01
3.387576802749538984e-01
3.385343385573050257e-01
3.383245297628848514e-01
3.381836710877679231e-01
3.379694800175244707e-01
3.377756393370937027e-01
3.375756592299807846e-01
3.374033571772314666e-01
3.371559762539554916e-01
3.369653364319113442e-01
3.367854634031134387e-01
3.365851765248312755e-01
3.363780013067805275e-01
3.362736357978327595e-01
3.360056174335195323e-01
3.358409298000051280e-01
3.356647177122125680e-01
3.354607021334159445e-01
3.353069285255166343e-01
3.350716294044285837e-01
3.348604255351261272e-01
3.347311614461205842e-01
3.345184870323731352e-01
3.343293319887189474e-01
3.341359451635559918e-01
3.339441777461796823e-01
3.337547857666490203e-01
3.335561526948540023e-01
3.333888678111840420e-01
3.332189741122781879e-01
3.330309319852003402e-01
3.328286634748847672e-01
3.326800769537835434e-01
3.324818477701784736e-01
3.323366871075843498e-01
3.321555173812221207e-01
3.319091761290137721e-01
3.317444668480412640e-01
3.315837218690274590e-01
3.314049771769129737e-01
3.312270802941488235e-01
3.311038212989693141e-01
3.308525748217283624e-01
3.307038590089598773e-01
3.305648464468581293e-01
3.303221489363049046e-01
3.301866644650549576e-01
3.299912973422909346e-01
3.298076333394691084e-01
3.296571921056775656e-01
3.295287071768916998e-01
3.292902042320118849e-01
3.291124357512934528e-01
3.289551186324352061e-01
3.287433993757067352e-01
3.286164265070388724e-01
3.284314700323550662e-01
3.282950115737630625e-01
3.281011504320363037e-01
3.279236117702218345e-01
3.277714996788632096e-01
3.276322442500745336e-01
3.274380188083174104e-01
3.272655240042292579e-01
